0 49 25.0
0 184 28.653097563788805
0 89 41.048751503547585
0 243 66.2872536767062
0 51 72.42237223399962
0 154 81.39410298049853
0 81 82.54089895318563
0 15 95.88013350011565
0 50 109.20164833920778
0 233 110.81967334368028
0 66 111.80339887498948
0 153 116.0
0 112 117.88553770501282
0 26 119.00420160649792
0 44 120.22063050907694
0 58 142.35870187663275
0 94 125.36347155371855
0 190 129.8345100502944
0 194 120.42009799032718
0 206 129.49517365523704
0 207 120.3536455617361
1 193 75.7099729229908
1 79 91.0494371207203
1 38 100.9752444909147
1 80 107.62899237658968
1 156 108.50345616615168
1 35 117.09824934643558
1 152 121.56479753612885
1 137 132.5028301584536
1 159 133.09395177843356
1 39 151.02979838429235
1 130 152.59423318068085
1 115 160.0781059358212
1 42 162.00308639035245
1 4 178.7568180517879
1 100 182.33211456021672
2 246 13.601470508735444
2 235 30.14962686336267
2 65 63.071388124885914
2 236 85.70880934886448
2 85 99.29753269845128
2 103 99.84988733093293
2 110 322.0139748520241
2 208 345.14489710844634
2 37 372.0215047547655
2 229 517.0348150753487
2 160 551.1533361960172
2 127 553.0144663568938
2 223 618.0517777662321
2 61 693.6065166937232
2 53 730.2739212103908
3 75 15.620499351813308
3 41 36.235341863986875
3 40 47.75981574503821
3 226 52.69724850502159
3 144 57.271284253105414
3 234 63.56099432828282
3 201 63.788713735268246
3 12 64.38167441127949
3 119 70.26378868236469
3 69 75.50496672405067
3 5 76.47875521999558
3 141 82.0792300158816
3 78 83.81527307120105
3 102 92.84934033152847
3 132 102.88342918079665
3 68 105.11898020814318
4 143 27.16615541441225
4 130 31.827660925679098
4 42 47.29693436154187
4 100 48.38388161361178
4 137 52.773099207835045
4 115 63.0317380372777
4 192 75.8023746329889
4 73 76.53757247260981
4 197 86.4060183089118
4 43 87.96590248499699
4 80 96.84007434941384
4 97 102.20078277586722
4 133 114.97825881443848
4 79 118.87808881370864
4 21 716.3693181592857
4 47 406.2622305851234
5 141 8.94427190999916
5 102 18.0
5 226 40.024992192379
5 69 50.35871324805669
5 75 62.39390995922599
5 132 62.76941930590086
5 173 69.31810730249349
5 55 71.25307010929424
5 125 74.04052944165107
5 146 76.92203845452875
5 41 84.20213774008353
5 40 84.5931439302264
5 13 86.02325267042627
5 224 94.04786015641186
5 58 107.80074211247342
5 144 133.71985641631537
5 201 133.3641631023867
5 202 96.46242791885346
6 128 29.154759474226502
6 248 33.24154027718932
6 177 38.91015291668744
6 139 43.56604182158393
6 136 60.166435825965294
6 64 61.84658438426491
6 98 62.76941930590086
6 121 76.84399781375251
6 221 77.62087348130012
6 91 80.99382692526635
6 240 90.60905032059435
6 62 105.54619841567009
6 59 106.23088063270491
6 187 107.07940978544848
6 245 124.45481107614924
6 200 146.16771189288008
7 67 9.848857801796104
7 165 33.734255586866
7 9 37.8021163428716
7 191 50.08991914547278
7 34 52.03844732503075
7 32 61.40032573203501
7 183 82.46211251235322
7 142 83.00602387778854
7 180 90.52071586106685
7 186 94.36630754670864
7 149 96.79876032264049
7 113 113.99122773266372
7 172 114.35471131527551
7 203 117.38824472663352
7 228 130.64838307457157
7 185 149.12075643584967
8 16 64.13267497929586
8 198 66.48308055437865
8 218 68.4470598345904
8 87 77.23341245859851
8 155 85.90692637965812
8 195 94.26027795418386
8 82 99.6393496566492
8 150 101.04454463255303
8 99 117.23907198540937
8 202 120.95040305844375
8 105 123.1665539016173
8 13 124.78781991845197
8 55 126.60568707605516
8 26 135.6502856613284
8 112 144.34680460612904
8 190 147.09180806557515
9 191 23.40939982143925
9 165 25.079872407968907
9 32 26.92582403567252
9 34 33.301651610693426
9 67 34.20526275297414
9 142 87.36704184073076
9 180 103.07764064044152
9 186 108.84851859350222
9 183 118.10588469674151
9 45 118.40608092492548
9 123 130.83195328359201
9 113 131.24404748406687
9 149 134.52509059651288
9 172 138.6001443000692
9 185 173.6663467687393
10 247 19.72308292331602
10 72 22.135943621178654
10 20 30.4138126514911
10 161 54.405882034941776
10 162 58.137767414994535
10 222 68.18357573492314
10 230 72.069410986909
10 47 76.79192665899195
10 168 91.0823802938856
10 189 171.09354166653983
10 107 187.38729946290383
10 166 197.7321420508057
10 122 215.87033144922904
10 133 217.05759604307792
10 97 231.1384866265244
10 21 387.0051679241506
11 167 20.024984394500787
11 124 38.62641583165593
11 90 48.010415536631214
11 179 61.61980201201558
11 131 68.46897107449476
11 204 83.38465086573187
11 169 94.53041838477179
11 214 102.95630140987001
11 220 189.2643653728826
11 129 191.44189719076647
11 182 223.03587155433092
11 46 293.00170647967224
11 17 300.6958596322869
11 120 328.20725159569525
11 249 346.15170084805305
12 234 25.238858928247925
12 119 26.90724809414742
12 40 31.016124838541646
12 201 37.57658845611187
12 78 42.190046219457976
12 75 65.36818798161687
12 144 68.18357573492314
12 210 71.56116265125938
12 226 76.0
12 63 84.69356528095862
12 68 85.7962703152066
12 224 91.35097153287424
12 213 97.32420048477151
12 41 99.35793878699377
12 33 113.46365056704283
12 117 99.48869282486326
13 195 36.61966684720111
13 173 40.80441152620633
13 55 44.01136216933077
13 125 53.31041174104736
13 175 67.08203932499369
13 102 72.13875518748573
13 105 76.48529270389177
13 202 82.00609733428362
13 141 82.21921916437786
13 150 89.1403387922662
13 138 92.00543462209176
13 132 94.33981132056604
13 146 105.72133181151285
13 58 136.09188072769072
13 69 118.72657663724664
14 54 32.01562118716424
14 232 37.33630940518894
14 88 39.6232255123179
14 93 43.0
14 106 53.009433122794285
14 52 53.75872022286245
14 108 72.12489168102785
14 111 77.89736837660179
14 199 79.40403012442127
14 181 89.05054744357274
14 109 93.81364506296512
14 241 96.04686356149273
14 62 118.70130580579136
14 31 121.39604606411199
14 95 124.80785231707178
14 29 165.24527224704494
14 170 138.63621460498698
14 205 148.33745312630927
15 112 22.627416997969522
15 153 36.124783736376884
15 190 39.395431207184416
15 51 42.44997055358225
15 44 58.872744118140105
15 26 60.802960454241045
15 89 62.289646009589745
15 155 79.6994353806851
15 154 81.93900170248598
15 207 96.26006440887103
15 194 100.68763578513501
15 49 115.25623627379127
15 184 124.53112060846478
15 58 128.73616430514
15 50 133.41664064126334
15 202 135.05924625881784
15 218 147.59742545180114
16 99 53.23532661682466
16 150 53.45091205957107
16 87 63.198101237299845
16 82 75.50496672405067
16 105 81.49233092751734
16 219 83.38465086573187
16 198 88.32326986700618
16 27 98.0612053770501
16 60 103.1746092796091
16 216 105.152270541344
16 195 107.81465577554843
16 237 117.98728745080972
16 211 118.06777714516353
16 218 118.06777714516353
16 244 139.83204210766573
17 120 30.364452901377952
17 24 38.01315561749642
17 56 39.44616584663204
17 46 46.17358552246078
17 249 47.885279575251516
17 19 50.21951811795888
17 174 60.166435825965294
17 163 65.45991139621256
17 114 84.581321815162
17 182 85.58621384311844
17 109 89.10667763978185
17 176 91.23595782365635
17 178 96.17692030835673
17 111 105.38026380684383
17 124 338.54098717880527
17 129 111.31936040060597
17 167 320.6134744517142
18 217 40.22437072223753
18 209 46.22769732530488
18 148 55.0
18 158 68.00735254367721
18 152 75.6042326857432
18 196 78.74642849044012
18 39 80.32434251209281
18 156 85.95929269136641
18 35 87.69264507357501
18 96 89.06739021662193
18 159 94.82615672903758
18 80 105.00476179678711
18 79 108.25894882179486
18 245 120.22063050907694
18 38 120.7393887677091
18 59 122.41323457861898
18 187 128.15615474880636
18 193 140.12137595670404
19 249 22.20360331117452
19 163 38.58756276314948
19 24 46.52956049652737
19 114 48.373546489791295
19 120 50.0
19 176 53.009433122794285
19 178 58.0
19 56 66.40783086353596
19 134 78.63841300535
19 31 81.74350127074322
19 48 82.03657720797473
19 228 87.65842800324451
19 174 90.52071586106685
19 46 93.04837451562494
19 147 98.38699100999075
19 182 132.90974381135493
20 247 17.26267650163207
20 72 48.507731342539614
20 161 58.215118311311535
20 230 60.802960454241045
20 168 63.0
20 162 85.58621384311844
20 222 95.42536350467836
20 47 103.04368005850722
20 189 153.7010084547268
20 166 168.51409436602032
20 107 168.71573726241425
20 122 186.50737250843463
20 133 190.21303845951255
20 97 204.08821622033938
20 21 414.1738765301356
21 85 55.94640292279746
21 103 59.0592922409336
21 47 311.1301978272119
21 222 319.0141062711804
21 162 329.0060789711947
21 72 366.0341514121326
21 247 397.28327425150934
21 168 477.1509195212768
21 133 604.0074502851766
21 97 618.0291255272683
21 73 649.1509839783038
21 143 689.4903915211581
22 225 10.0
22 206 13.0
22 94 21.587033144922902
22 45 36.124783736376884
22 123 83.43860018001261
22 233 86.49277426467485
22 25 90.4267659490264
22 50 93.62157870918435
22 101 105.26157893552613
22 142 108.84851859350222
22 126 121.70866854912184
22 180 125.29964086141668
22 184 127.4401820463232
22 186 130.51053597315428
22 191 130.8166656049603
22 32 130.91982279242512
23 104 25.179356624028344
23 171 30.083217912982647
23 239 34.92849839314596
23 188 39.6232255123179
23 77 45.18849411078001
23 74 53.85164807134504
23 157 65.39113089708727
23 164 70.00714249274856
23 30 73.40980860893181
23 36 113.63538181394033
23 149 127.4401820463232
23 185 129.43724348115578
23 83 130.36103712382777
23 172 143.17821063276352
23 147 153.52524222420234
24 56 22.02271554554524
24 174 44.77722635447622
24 109 54.08326913195984
24 249 60.01666435249463
24 120 62.96824596572466
24 111 70.0
24 163 80.06247560499239
24 46 81.04936767180853
24 108 83.72574275573791
24 31 89.56003573022959
24 48 93.98404119849285
24 114 94.00531899844816
24 182 95.80187889597991
24 52 97.0051545022222
24 129 112.0044641967453
24 220 104.65180361560904
25 101 22.20360331117452
25 123 25.0
25 126 31.304951684997057
25 233 60.29925372672534
25 113 66.91038783328041
25 180 68.6804193347711
25 186 69.05070600652827
25 142 71.02816342831905
25 215 78.5175139698144
25 45 82.38931969618392
25 134 85.88364221433555
25 178 89.19641248391103
25 238 89.8276126811795
25 176 91.92388155425118
25 66 115.20850663036997
25 81 155.7562197795003
25 94 106.21205204683694
25 206 97.41663102366043
25 225 92.30926280715278
25 243 138.2208377922808
26 194 48.83646178829912
26 112 68.00735254367721
26 58 74.02702209328699
26 202 75.43208866258443
26 89 78.05767098754612
26 155 83.24061508662703
26 190 87.32124598286491
26 153 93.5200513259055
26 51 97.6165969494942
26 55 116.01724009818541
26 44 118.59595271340417
26 195 123.3288287465668
26 49 128.08200498118384
26 218 150.71164520368026
27 237 25.0
27 140 30.083217912982647
27 219 30.870698080866262
27 99 45.5411901469428
27 53 56.43580423808985
27 244 63.12685640834652
27 118 68.24954212300622
27 211 72.69112738154499
27 61 76.32168761236873
27 216 76.32168761236873
27 60 77.64663547121665
27 84 84.17244204607586
27 227 84.43340571124678
27 150 85.7962703152066
27 82 124.08464852672147
27 87 130.728726758888
28 212 17.46424919657298
28 86 32.01562118716424
28 160 51.22499389946279
28 71 55.226805085936306
28 223 57.0087712549569
28 151 59.665735560705194
28 127 64.41273166075166
28 229 81.02468759581859
28 231 81.49233092751734
28 135 85.32877591996736
28 84 93.04837451562494
28 227 104.27847332982968
28 138 108.70602559196064
28 118 111.8257573191436
28 61 112.58774356030055
28 37 216.61486560252507
28 70 155.08062419270823
28 92 170.14405661086138
28 110 265.7461194448566
28 116 161.00931650062986
28 208 241.85326129701042
29 205 17.029386365926403
29 145 48.83646178829912
29 170 67.00746227100382
29 36 107.93516572461452
29 83 110.42191811411355
29 106 112.28535078094559
29 232 128.06248474865697
29 121 146.4137971640651
29 199 157.01273833673497
29 74 160.90059042775448
29 157 162.3360711610331
29 62 166.87720036002523
29 91 167.6305461424021
29 93 173.0
30 164 31.144823004794873
30 171 43.9089968002003
30 104 53.41348144429457
30 149 54.91812087098393
30 188 74.54528824815154
30 183 87.69264507357501
30 157 98.89893831583835
30 172 100.24470060806208
30 185 105.70241246064349
30 147 105.89145385724005
30 239 108.33743581975715
30 74 115.26057435220423
30 77 118.59595271340417
30 228 126.17844506887855
31 48 8.246211251235321
31 199 63.702433234531945
31 147 65.62011886609167
31 109 89.64373932405988
31 111 92.17917335276988
31 228 97.41663102366043
31 54 99.00505037623081
31 249 102.7861858422619
31 52 105.51303237041384
31 108 107.83784122468327
31 56 108.46197490364999
31 176 108.97706180660222
31 83 123.1665539016173
32 191 15.524174696260024
32 165 34.0
32 34 53.16013544000805
32 67 59.941638282582836
32 142 82.96987405076617
32 45 96.25487000666512
32 180 102.95630140987001
32 186 109.65856099730654
32 123 120.10828447696687
32 225 121.45781160551181
32 113 132.74034804836094
32 183 135.83077707206124
33 63 28.792360097775937
33 242 49.8196748283246
33 213 59.682493245507096
33 210 68.15423684555495
33 78 94.79451460923254
33 231 101.41498903022176
33 135 102.20078277586722
33 70 102.48902380255166
33 119 104.62313319720452
33 92 106.96261028976434
33 117 109.63576058932597
33 224 110.38568747804219
33 234 111.25196627475849
33 116 115.97413504743201
33 68 170.49633427144408
34 67 43.04648650006177
34 191 55.758407437802596
34 165 57.0087712549569
34 142 119.80818002123227
34 172 119.97082978791136
34 183 133.2216198670471
34 180 133.843191832831
34 186 139.08630414242805
34 149 142.44297104455524
34 45 149.12075643584967
34 185 154.02921800749363
34 113 160.72958657322553
35 152 17.029386365926403
35 156 25.238858928247925
35 159 27.018512172212592
35 38 34.0
35 39 37.33630940518894
35 193 52.80151512977634
35 79 60.876925020897694
35 80 77.6659513557904
35 217 89.19641248391103
35 148 95.90099061010788
35 209 102.7861858422619
35 96 105.07616285342742
35 196 112.04017136723775
35 115 117.47765745025733
35 137 121.93850909372314
35 158 131.24404748406687
36 83 27.730849247724095
36 170 46.04345773288535
36 157 54.817880294662984
36 74 66.30987860040162
36 205 101.39033484509261
36 199 104.04326023342406
36 77 107.91200118615167
36 239 108.33743581975715
36 104 110.76551810017412
36 171 122.18837915284743
36 164 126.1269202034205
36 106 127.3184982632139
36 232 133.5440002396214
36 145 150.88074761214565
36 188 153.18289721767243
37 208 27.65863337187866
37 110 50.00999900019995
37 135 142.21462653327893
37 229 145.01379244747721
37 231 148.94629904767692
37 160 179.22611416866684
37 127 181.1767093199344
37 86 188.2471779336944
37 212 232.39836488237177
37 223 246.03251817595168
37 71 269.5329293425944
37 151 271.326371737065
37 236 287.0853531617383
37 65 309.0016181187406
37 85 470.15316653192923
37 103 471.0859794135249
37 235 342.0014619851792
37 246 364.3089348341597
38 193 26.076809620810597
38 159 34.20526275297414
38 152 49.9799959983992
38 156 51.03920062069938
38 39 53.75872022286245
38 79 76.69419795525604
38 80 98.08159868191383
38 217 116.61903789690601
38 148 120.42009799032718
38 96 120.93386622447825
38 209 129.86531484580476
38 196 132.1854757528224
39 159 19.697715603592208
39 152 45.34313619501854
39 156 59.64059020499378
39 217 65.19202405202648
39 148 67.11929677819934
39 96 69.02897942168927
39 209 77.80102827083971
39 196 78.64477096412705
39 193 79.30952023559341
39 79 96.51942809610924
39 158 104.44615837837216
39 115 140.9432509913121
39 200 132.69890730522238
40 234 16.401219466856727
40 119 23.021728866442675
40 78 36.138621999185304
40 75 42.01190307520001
40 226 45.0111097397076
40 201 58.60034129593445
40 224 73.40980860893181
40 132 76.83749084919418
40 146 77.33692520394123
40 144 77.82673062643708
40 117 82.46211251235322
40 41 83.773504164503
40 63 100.12492197250393
40 68 109.20164833920778
40 69 108.16653826391968
40 210 98.6154146165801
41 75 44.553338819890925
41 69 59.481089431852205
41 144 69.46221994724903
41 226 76.94153624668537
41 141 86.31338250816034
41 201 90.35485598461214
41 102 96.17692030835673
41 234 99.74467404327912
41 119 106.45186705737011
41 78 119.61605243444544
41 68 120.50311199301038
42 130 25.495097567963924
42 143 57.38466694161429
42 137 68.60029154456998
42 197 90.6697303403953
42 100 92.0869154657707
42 115 98.03060746521976
42 43 103.40696301506973
42 80 109.78615577567146
42 73 113.89907813498755
42 192 122.98373876248843
42 79 127.31457104353767
42 97 132.31024147812596
42 133 142.52368224263643
43 197 23.40939982143925
43 97 43.41658669218482
43 133 46.32493928760188
43 73 53.85164807134504
43 143 60.8276253029822
43 107 74.68600939935136
43 122 89.88882021697692
43 166 91.26883367283708
43 189 91.54780172128658
43 130 109.45775440780794
43 192 116.27553482998907
43 100 117.83462988442744
43 137 140.73023839957068
43 47 321.1681802420657
43 161 210.23796041628637
43 162 302.39708993308784
43 222 312.44359490954525
43 230 179.00279327429502
43 247 237.53947040439405
44 153 26.1725046566048
44 190 41.593268686170845
44 207 46.8187996428785
44 51 48.33218389437829
44 112 53.75872022286245
44 154 58.309518948453004
44 50 101.00495037373169
44 155 101.83319694480774
44 89 103.16006979447037
44 49 144.53373308677806
44 184 145.8012345626744
44 218 152.55490814785344
45 225 28.160255680657446
45 206 49.09175083453431
45 94 57.0350769263968
45 123 66.12866246946176
45 142 77.69813382572325
45 101 90.13878188659973
45 191 95.0789145920377
45 180 97.18538984847466
45 233 102.2154587134451
45 186 103.32473082471591
45 50 126.64912159190051
45 165 104.38869670610895
46 120 49.57822102496216
46 182 70.06425622241343
46 56 72.49827584156743
46 174 82.21921916437786
46 249 82.92767933567175
46 163 94.04786015641186
46 129 102.70345661174214
46 220 112.27199116431488
46 114 114.5512985522207
46 176 121.62236636408618
46 109 124.35433245367851
47 222 10.0
47 162 19.313207915827967
47 72 55.14526271584895
47 247 86.20904824900923
47 168 166.02710622064097
47 133 293.0614270080592
47 97 307.01465763054375
47 197 332.8137617346975
47 73 338.03698022553687
47 143 379.61691216277495
48 147 57.42821606144492
48 199 68.01470429252781
48 228 90.47651629014017
48 109 97.20082304178294
48 111 100.18482919085105
48 249 102.35721762533407
48 176 105.26157893552613
48 114 106.25441167311595
48 54 107.0420478129973
48 178 107.71258050942797
48 163 110.98198051936178
48 203 110.98198051936178
48 83 122.97154142320898
49 184 20.591260281974
49 243 43.139309220245984
49 89 54.589376255824725
49 81 57.584720195551874
49 66 90.13878188659973
49 51 96.38464608017192
49 233 102.07840124139877
49 154 106.06601717798213
49 238 114.12712210513327
49 215 117.78370006074695
49 194 119.64113005150027
49 50 130.0
49 58 137.78606605894515
49 94 135.07405376311175
49 153 138.68309197591464
49 207 145.16886718577092
50 154 51.478150704935004
50 207 59.481089431852205
50 94 72.44998274671983
50 206 81.8413098624405
50 51 91.706052144883
50 225 98.97979591815695
50 184 116.84177335182824
50 153 120.3536455617361
50 89 128.06248474865697
50 190 139.16896205691842
51 154 40.496913462633174
51 153 45.48626166217664
51 89 57.0087712549569
51 112 57.21887800367987
51 190 62.24146527838174
51 207 64.62197768561404
51 184 99.08582138732059
51 155 117.72000679578642
51 194 127.62444906835053
51 81 153.39491516996253
51 243 138.69751259485514
52 108 18.439088914585774
52 54 26.1725046566048
52 88 26.832815729997478
52 111 27.018512172212592
52 109 43.18564576337837
52 93 78.74642849044012
52 174 85.0
52 232 88.81441324469807
52 241 92.43916918709297
52 56 94.49338601193207
52 199 94.64142856064674
52 95 101.01980003939822
52 129 127.56566936288148
52 181 108.81176406988355
53 140 27.018512172212592
53 237 34.92849839314596
53 61 38.07886552931954
53 84 61.773780845922005
53 118 73.24616030891995
53 244 76.4198926981712
53 219 83.54639429682169
53 227 92.0869154657707
53 99 101.55294185792945
53 211 107.33592129385204
53 223 112.64102272262978
53 71 117.66052864066182
53 216 118.1185844818672
53 60 120.44085685513866
53 65 667.2166065079615
53 235 700.2063981427191
53 236 645.0627876416372
54 88 30.4138126514911
54 108 44.01136216933077
54 111 46.61544808322666
54 109 62.177166226839255
54 232 63.788713735268246
54 93 67.77905281132217
54 199 73.7563556583431
54 106 80.2807573457052
54 241 101.24228365658294
54 181 107.16809226630845
54 174 108.15729286552988
54 95 119.00420160649792
54 170 154.80633061990713
55 195 37.013511046643494
55 202 40.8166632639171
55 102 53.33854141237835
55 141 63.788713735268246
55 173 68.81860213634101
55 125 82.00609733428362
55 69 85.7962703152066
55 58 92.19544457292888
55 194 104.92378186092989
55 132 108.30050784737807
55 226 110.04090148667449
55 175 110.76551810017412
56 174 24.331050121192877
56 109 52.15361924162119
56 111 68.24221567329127
56 120 69.35416353759881
56 182 74.62573282722254
56 249 76.05918747922567
56 108 78.49203781276162
56 220 83.38465086573187
56 129 90.0
56 95 147.36349615830918
57 76 3.1622776601683795
57 85 39.81205847478876
57 103 42.579337712087536
58 194 28.231188426986208
58 202 63.071388124885914
58 102 98.00510190801293
58 141 99.86490875177326
58 89 111.03603018840326
58 195 120.20815280171308
58 112 140.73023839957068
58 81 148.03040228277433
59 187 14.035668847618199
59 245 29.5296461204668
59 136 53.225933528685054
59 158 54.57105459856901
59 196 70.22819946431775
59 200 76.48529270389177
59 128 79.1012010022604
59 209 81.30190649671138
59 148 84.38009243891595
59 96 85.0881895447306
59 177 93.30058949438637
59 217 94.04786015641186
59 139 123.5677951571525
59 64 160.72336482291553
59 221 168.34488409215172
59 248 139.43457247038842
60 216 3.1622776601683795
60 211 20.615528128088304
60 219 49.09175083453431
60 244 58.66856057549052
60 99 70.2353187506115
60 82 73.00684899377592
60 87 91.19758768739445
60 140 95.85405573057407
60 237 100.16985574512923
60 150 128.70120434556935
60 198 132.3706916201619
60 118 144.03124660989366
61 84 27.018512172212592
61 237 51.478150704935004
61 118 53.03772242470448
61 140 55.31726674375732
61 227 68.65857557508748
61 223 77.88452991448301
61 71 82.3286098510111
61 151 89.10667763978185
61 212 95.12623192369179
61 138 96.56603957913983
61 219 107.0420478129973
61 65 630.5362796857926
61 86 135.05924625881784
61 211 140.24621207005913
61 235 663.509608069092
61 236 608.2663890106045
61 244 113.00442469213318
61 246 686.1668893206667
62 91 26.90724809414742
62 240 29.966648127543394
62 98 43.266615305567875
62 64 46.87216658103186
62 221 47.80167361086848
62 121 75.0
62 248 75.21303078589507
62 93 81.02468759581859
62 139 87.14355971613737
62 106 110.16351483136329
62 232 114.43775600735974
62 145 129.5414991421668
62 205 156.0833110873805
63 210 47.43416490252569
63 213 52.20153254455275
63 78 69.20260110718382
63 119 77.23341245859851
63 242 78.33900688673555
63 234 83.73768566183328
63 224 94.53041838477179
63 117 96.00520819205592
63 201 113.28283188550682
63 146 115.41230437002807
63 231 118.1185844818672
63 135 120.34118164618461
63 68 144.83784035948617
63 70 130.54118124178285
63 92 135.5949851580065
63 116 144.183910336764
64 98 18.027756377319946
64 221 22.0
64 240 29.068883707497267
64 91 30.083217912982647
64 248 38.07886552931954
64 139 41.19465984809196
64 121 67.77905281132217
64 128 90.13878188659973
64 177 98.49365461794989
64 136 108.4665847162157
64 145 153.15351775261317
64 106 156.02884348735012
65 236 23.40939982143925
65 235 33.0
65 246 56.753854494650845
65 85 161.5239920259526
65 103 162.30834852218786
65 110 259.0
65 208 282.0868660537034
65 229 454.00991178607546
65 160 488.1024482626573
65 127 490.04999744923987
65 223 555.0225220655465
66 238 31.144823004794873
66 215 40.52159917870962
66 243 47.43416490252569
66 81 49.16299421312742
66 233 70.2353187506115
66 184 85.0
66 126 114.23221962301179
66 101 132.09844813622905
66 123 139.31259813814398
66 89 144.03124660989366
66 206 151.34397906755325
66 114 153.0130713370593
67 165 37.05401462729781
67 191 50.695167422546305
67 183 90.4267659490264
67 142 91.2633551870629
67 180 99.82484660644363
67 149 102.47438704378767
67 186 103.85566907973777
67 172 110.0
67 113 123.71337841963576
67 203 127.09445306542689
67 123 138.75518008348374
67 185 145.03103116229988
68 201 50.60632371551998
68 144 51.088159097779204
68 210 104.0768946500615
68 234 110.3177229641729
68 119 112.69871339105873
68 75 117.72000679578642
68 78 127.61269529321916
68 226 147.13599151805107
68 213 176.36609651517495
69 141 46.04345773288535
69 102 51.419840528729765
69 75 69.46221994724903
69 226 74.2024258363566
69 202 88.52683209061533
69 132 112.08925015361643
69 173 114.75626344561765
69 125 121.92620719107111
69 195 122.78843593759146
69 144 126.3210196285638
70 116 13.92838827718412
70 92 15.132745950421556
70 242 53.009433122794285
70 135 73.76313442364011
70 231 80.00624975587844
70 229 98.41239759298622
70 160 127.88275880665071
70 213 130.6981254647518
70 86 130.86252328302402
70 127 135.38463723776047
70 210 168.14577009250038
70 212 172.00290695217916
71 151 9.055385138137417
71 212 44.598206241955516
71 227 50.0
71 138 54.48853090330111
71 84 56.0357029044876
71 118 61.0
71 175 70.22819946431775
71 223 74.96665925596525
71 86 87.09190547921202
71 105 93.43446901438462
71 160 104.89041900955492
72 247 32.57299494980466
72 162 37.12142238654117
72 222 47.042533945356304
72 230 93.91485505499116
72 168 111.22050170719426
72 189 193.1553778697347
72 107 209.5041765693467
72 166 217.00691233230336
72 122 234.96808293893875
72 133 238.00840321299583
72 97 252.00198411917316
73 97 32.01562118716424
73 133 46.32493928760188
73 143 56.568542494923804
73 122 62.12889826803627
73 192 67.67569726275453
73 197 72.99315036357864
73 166 74.09453421137081
73 100 82.49242389456137
73 130 107.33592129385204
73 115 109.45775440780794
73 107 120.24142381059865
73 137 122.24974437601087
73 161 237.69728648009425
73 162 320.22492095400696
73 189 134.46560898608982
73 222 330.18328243568
73 230 205.43125370790102
74 157 40.792156108742276
74 239 42.04759208325728
74 77 42.638011210655684
74 104 62.625873247404705
74 171 73.81734213584231
74 83 89.05054744357274
74 188 91.26883367283708
74 164 98.2700361249552
74 170 109.65856099730654
74 199 155.80115532305913
74 205 159.0
75 226 37.21558813185679
75 234 58.412327466040935
75 119 65.0
75 141 68.6804193347711
75 144 71.69379331573968
75 201 73.02739212103907
75 78 76.47875521999558
75 102 79.40403012442127
76 85 41.48493702538308
76 103 44.14748010928823
77 239 10.295630140987
77 188 67.23094525588644
77 104 67.91170738539859
77 171 75.02666192761077
77 157 78.54934754662193
77 164 112.44998888394787
77 83 131.60547101089682
77 170 149.0
77 185 160.22484201895784
77 149 172.40939649566667
77 172 180.00555546982432
78 119 16.492422502470642
78 234 22.02271554554524
78 224 50.44799302251776
78 117 57.982756057296896
78 213 60.29925372672534
78 146 63.694583757176716
78 226 64.89992295835181
78 132 70.21395872616783
78 144 107.44766167767449
78 201 79.64923100695951
78 210 82.05485969764375
78 242 139.2838827718412
79 80 23.021728866442675
79 156 36.89173349139343
79 152 51.884487084291386
79 137 66.21933252457322
79 193 73.06161783043132
79 115 76.92203845452875
79 159 87.68124086713189
79 100 102.96115772464877
79 130 106.00471687618433
80 137 44.77722635447622
80 156 52.43090691567332
80 115 54.78138369920935
80 152 65.06919393998976
80 100 80.2807573457052
80 130 86.83893136145792
80 193 96.02083107326243
80 159 104.62313319720452
80 192 114.54256850621083
81 243 25.079872407968907
81 184 64.03124237432849
81 238 80.00624975587844
81 215 88.2779700718135
81 233 100.43903623591775
81 89 104.9952379872535
81 194 140.03570973148243
81 126 160.099968769516
81 154 162.8066337714775
82 87 22.825424421026653
82 198 60.03332407921454
82 216 76.15773105863909
82 99 87.66413177577246
82 211 93.62157870918435
82 219 94.76286192385707
82 218 107.0
82 150 125.00399993600205
82 244 130.38404810405297
82 237 149.03690818049066
82 140 151.34728276384746
83 170 43.41658669218482
83 157 65.92419889539804
83 199 76.6550715869472
83 205 99.98499887483122
83 106 104.69479452198185
83 232 109.0
83 104 122.58874336577564
83 164 128.3160161476345
83 145 147.3295625460145
83 188 169.799882214329
83 239 130.6981254647518
84 118 35.34119409414458
84 227 46.04345773288535
84 237 62.12889826803627
84 151 62.369864518050704
84 140 71.56814934033156
84 223 71.61005515987263
84 138 72.56031973468694
84 212 76.00657866263946
84 105 97.74456506629922
84 175 100.43903623591775
84 86 119.21828718783037
84 244 131.84839779079607
85 103 3.1622776601683795
85 246 109.38464243210744
85 235 128.65846260545786
85 236 183.06829326784035
85 110 420.2011423116315
85 208 443.0406301909566
85 229 615.0812954398792
85 160 649.0069337071832
85 127 651.3071472047577
86 160 21.18962010041709
86 127 37.33630940518894
86 212 44.94441010848846
86 229 49.09175083453431
86 223 65.0
86 231 67.20119046564577
86 135 68.60029154456998
86 151 91.67878707749138
86 116 135.0148140020198
86 92 145.58159224297555
86 110 237.89913829183996
86 208 214.23818520515897
86 242 145.82523787054146
86 246 551.7571929753159
87 198 42.05948168962618
87 218 87.69264507357501
87 99 89.37561188601732
87 216 94.26027795418386
87 219 103.77379245262264
87 211 111.5437134042076
87 150 115.91807451816995
87 105 144.183910336764
87 155 145.7840869230932
87 244 146.24978632463024
88 108 41.036569057366385
88 93 53.075418038862395
88 111 53.53503525729669
88 109 69.40461079784254
88 241 71.16881339463234
88 232 76.94153624668537
88 181 82.46211251235322
88 95 89.8276126811795
88 106 92.34717104492157
88 199 103.60019305001319
88 174 107.33592129385204
88 220 117.2092146548214
88 129 139.51702405083043
89 184 67.91170738539859
89 112 84.8999411071645
89 154 85.61541917201598
89 194 85.80209787645055
89 153 90.80198235721508
89 155 137.20058308913997
89 190 100.43903623591775
89 207 119.23925528113634
89 243 96.60745312862771
90 179 18.110770276274835
90 131 61.71709649683789
90 204 63.13477647065839
90 167 64.88451279003334
90 214 66.06814663663572
90 169 72.09022125087424
90 124 76.2954782408499
91 98 18.439088914585774
91 240 34.20526275297414
91 221 43.278170016764804
91 248 49.24428900898052
91 121 52.08646657242167
91 139 70.61161377563892
91 93 107.44766167767449
91 128 110.13627921806692
91 177 112.32987136109433
91 145 125.15989773086265
91 106 128.76334882255898
91 205 159.15401345866212
92 116 14.866068747318506
92 242 57.28001396647874
92 135 88.76936408468859
92 231 94.92101980067429
92 229 111.42710621747295
92 213 140.80127840328723
92 160 141.89080308462562
92 127 148.66068747318505
92 210 170.18813119603846
92 117 185.9704277566732
93 181 47.92702786528704
93 232 60.60528029800704
93 241 68.0
93 106 68.8839603971781
93 108 94.11163583744573
93 111 105.75916035975324
93 95 107.20074626605917
93 199 121.2023102090055
93 98 124.27791436936813
93 145 156.05127362504928
93 205 157.20368952413298
94 206 9.433981132056603
94 225 29.017236257093817
94 233 90.13878188659973
94 123 102.44998779892558
94 154 112.53888216967503
94 184 115.31261856362468
94 101 123.03657992645927
94 142 130.29965464267354
94 207 131.47243057006287
94 243 141.8238343861849
95 241 44.40720662234904
95 220 86.40023148117139
95 181 86.88498144098322
95 108 96.56603957913983
95 129 104.65180361560904
95 111 112.89375536317321
95 109 120.41594578792295
95 174 124.33824833895642
95 182 134.6291201783626
96 196 19.697715603592208
96 148 35.4400902933387
96 217 49.24428900898052
96 209 49.49747468305833
96 158 58.872744118140105
96 245 62.0966987850401
96 200 67.60177512462228
96 187 80.05623023850174
96 159 87.20665112249179
96 152 107.8563859954523
96 193 146.98639392814562
97 133 14.317821063276353
97 122 46.95742752749558
97 166 51.66236541235796
97 197 66.76076692189807
97 143 77.87810988975015
97 107 93.60021367496978
97 100 114.27160627207444
97 130 130.78226179417453
97 161 205.6817930688081
97 162 289.0276803352925
97 168 141.12760183606892
97 189 106.07544484940895
97 192 98.41239759298622
97 222 299.015049788468
97 230 173.4156855650607
97 247 221.18318200080222
98 248 32.01562118716424
98 240 38.07886552931954
98 221 38.3275357934736
98 121 50.28916384272063
98 139 54.42425929675111
98 128 91.92388155425118
98 177 95.42536350467836
98 136 116.27553482998907
98 145 135.8712625980932
98 106 147.10540438746634
99 219 32.69556544854363
99 150 59.033888572581766
99 237 67.7421582177598
99 216 70.83078426785913
99 140 75.61084578286372
99 211 77.83315488916018
99 105 81.02468759581859
99 118 87.31551981177229
99 198 127.1416532848303
99 218 165.12419568312816
99 244 90.24965373894794
100 115 27.018512172212592
100 192 38.948684188300895
100 137 52.32590180780452
100 143 64.53681120105021
100 130 69.35416353759881
100 156 121.49897118905987
100 197 124.08464852672147
100 122 136.31214179228496
101 123 24.041630560342615
101 126 26.248809496813376
101 113 44.721359549995796
101 186 48.38388161361178
101 180 49.193495504995376
101 142 56.85068161420758
101 134 65.45991139621256
101 178 72.00694410957877
101 176 75.45197147855052
101 114 77.02596964660685
101 165 119.63277142990545
101 206 113.86395390991831
101 215 93.23089616645332
101 225 105.39449701004318
101 238 104.4030650891055
102 141 10.770329614269007
102 226 57.706152185014034
102 173 63.34824385884742
102 125 71.06335201775947
102 132 71.61005515987263
102 202 79.47955712005447
102 146 86.40023148117139
102 194 121.40016474453401
102 195 86.97700845625813
103 246 109.65856099730654
103 235 129.38701635017324
103 236 184.0108692441835
103 110 421.1187480984431
103 208 444.010135019461
103 229 616.0397714433703
103 160 650.0
103 127 652.2215881125064
104 171 11.704699910719626
104 164 45.044422518220834
104 188 52.80151512977634
104 157 57.0087712549569
104 239 58.05170109479997
104 149 105.19030373565806
104 147 128.57682528356344
104 185 130.0
104 183 136.2974687952788
104 170 156.71949463930773
104 172 137.5281789307195
105 150 28.284271247461902
105 138 39.408120990476064
105 175 45.09988913511872
105 227 53.31041174104736
105 118 63.50590523722971
105 151 88.40814442120137
105 195 90.0499861188218
105 173 91.8313671900838
105 198 168.0773631397161
106 232 16.492422502470642
106 199 80.77747210701756
106 170 93.60555539069249
106 205 95.42536350467836
106 145 110.4943437466371
106 181 113.70136322841516
106 221 157.15279189374905
106 240 138.31124321616085
106 241 136.1800279042415
107 189 18.027756377319946
107 197 75.8023746329889
107 133 83.35466393669883
107 166 111.46299834474219
107 230 116.48175822848829
107 168 117.41379816699569
107 122 122.12288892750614
107 143 134.08206442324789
107 161 144.83784035948617
107 247 185.15128949051368
108 111 17.029386365926403
108 109 30.083217912982647
108 174 67.11929677819934
108 220 89.49860334105779
108 241 96.42095207992918
108 199 107.18675291284833
108 129 110.16805344563369
108 181 119.01260437449471
108 182 119.07980517283357
109 111 16.278820596099706
109 174 48.16637831516918
109 220 90.4267659490264
109 129 107.42439201596628
109 181 149.05368160498418
109 182 107.67079455451233
109 241 125.60254774486066
110 208 24.041630560342615
110 229 195.0230755577401
110 160 229.21823662178366
110 127 231.10603626906848
110 236 237.1349826575573
110 212 281.7800560721074
110 235 292.0
110 223 296.04222671774374
110 246 314.3119469571591
111 174 61.84658438426491
111 220 95.85405573057407
111 129 114.84337159801605
111 181 134.2609399639374
111 182 119.00420160649792
111 241 113.28283188550682
112 190 20.0
112 153 27.586228448267445
112 155 60.530983801686226
112 154 92.57429448826494
112 207 97.9081201943945
112 194 113.53413583587978
112 218 126.21014222319853
113 186 23.08679276123039
113 180 30.0
113 134 30.675723300355934
113 203 39.824615503479755
113 178 49.0
113 142 52.61178575186362
113 176 54.00925846556311
113 126 54.70831746635972
113 114 59.30430001273095
113 123 59.682493245507096
113 163 76.6550715869472
113 165 106.3202708800161
113 191 118.37651794169315
113 228 61.032778078668514
114 176 7.0710678118654755
114 178 11.661903789690601
114 163 20.518284528683193
114 134 34.0
114 249 37.0
114 203 57.28001396647874
114 228 60.92618484691127
114 120 65.11528238439882
114 124 421.08906421326117
114 126 62.289646009589745
114 147 94.08506789071261
114 215 114.73883387938018
114 238 122.10241602851272
115 137 39.293765408777
115 192 59.941638282582836
115 130 72.80109889280519
115 143 85.21150157109074
115 156 94.53041838477179
115 152 101.13851887386922
115 193 148.0979405663698
116 242 66.27216610312357
116 135 82.85529554590944
116 231 89.47066558375433
116 229 98.37174391053561
116 160 129.87686476043376
116 127 135.72398461583714
116 213 144.40221604947757
116 212 177.55280904564702
116 210 181.01104938649465
117 224 9.219544457292887
117 146 24.758836806279895
117 132 39.59797974644666
117 213 50.695167422546305
117 119 72.62231062146122
117 125 74.52516353554684
117 234 75.71657678474378
117 226 78.08969202141856
117 173 86.40023148117139
117 242 138.3979768638256
118 227 19.1049731745428
118 138 46.647615158762406
118 237 54.70831746635972
118 151 62.64982043070834
118 140 69.40461079784254
118 175 75.66372975210778
118 150 76.05918747922567
118 216 143.1258187749506
118 244 127.04723531033645
119 234 6.708203932499369
119 226 61.35144660071187
119 201 63.812224534175265
119 224 64.4437739428721
119 146 74.62573282722254
119 144 90.95603333479313
119 210 80.2807573457052
119 213 76.02631123499285
120 249 34.539832078341085
120 163 44.598206241955516
120 176 72.18032973047436
120 178 76.57675887630658
120 126 90.0222194794152
120 174 90.52071586106685
120 134 98.40731680114035
120 182 108.4665847162157
120 124 365.7157366042648
120 129 137.2953021774598
120 167 348.1910395171019
121 248 48.82622246293481
121 240 85.21150157109074
121 221 88.60022573334675
121 177 90.6697303403953
121 139 94.04786015641186
121 145 98.2344135219425
121 128 100.84145972763385
121 136 136.97079980784227
121 205 142.97202523570826
122 166 18.384776310850235
122 133 45.5411901469428
122 192 108.07404868885037
122 197 113.29607230614837
122 143 118.06777714516353
122 168 125.2836781069266
122 189 129.3560976529518
122 161 201.2958022413781
122 230 169.80577139779436
123 142 47.853944456021594
123 126 48.010415536631214
123 180 51.0098029794274
123 186 53.600373133029585
123 233 79.37883848986453
123 165 107.71258050942797
123 191 110.25878649794764
123 206 93.08598175880189
123 215 103.39245620450265
123 225 82.61961026293939
123 238 114.69088891450794
124 167 20.615528128088304
124 131 60.8276253029822
124 204 81.83520025025906
124 179 83.38465086573187
124 169 92.28217596047462
124 214 111.73182178770737
124 220 227.343352662883
124 249 384.29285707647495
124 163 403.4216156826503
124 176 427.11356803548165
125 173 13.45362404707371
125 132 46.84015371452148
125 146 55.036351623268054
125 175 58.25804665451803
125 224 75.23961722390672
125 141 76.11832893594026
125 226 86.27861844049197
125 138 86.83893136145792
125 195 89.47066558375433
125 151 102.70345661174214
125 202 122.64175471673585
126 178 61.05735008989499
126 176 63.00793600809346
126 134 63.150613615387776
126 163 65.36818798161687
126 186 67.20119046564577
126 180 70.09279563550022
126 167 437.5671377057468
126 206 128.41339493993607
126 215 73.92563831310488
126 225 123.5677951571525
126 233 77.20103626247513
126 238 84.52810183601665
126 243 146.57762448614045
127 160 17.11724276862369
127 229 37.36308338453881
127 223 66.09841147864296
127 212 70.83784299369935
127 135 90.0
127 208 208.47062143141417
127 231 91.26883367283708
127 235 523.0468430265114
127 236 468.2403229112162
127 246 545.0449522745807
128 177 26.0
128 136 41.10960958218893
128 248 61.84658438426491
128 139 63.812224534175265
128 187 78.63841300535
128 245 95.56673061269805
128 221 103.96634070698074
128 200 117.80067911519016
128 240 118.40608092492548
129 220 22.561028345356956
129 182 33.24154027718932
129 174 69.31089380465383
129 167 211.463944917331
129 241 142.56226709757388
130 137 43.86342439892262
130 143 52.92447448959697
130 197 101.71037311896953
130 192 103.40696301506973
130 156 139.26952286842948
131 204 21.93171219946131
131 169 31.622776601683793
131 179 53.71219600798314
131 214 56.356011214421486
131 167 68.06614430096654
132 146 14.866068747318506
132 224 35.510561809129406
132 226 51.24451190127583
132 173 55.14526271584895
132 141 69.77105417004964
132 175 100.43903623591775
133 166 44.94441010848846
133 197 69.35416353759881
133 143 89.81091247727082
133 161 191.3792047219342
133 162 275.0018181758077
133 168 127.3184982632139
133 189 94.49338601193207
133 192 112.25862995778988
133 222 285.0
133 230 159.11002482559041
133 247 207.3475343475297
134 178 22.360679774997898
134 203 26.92582403567252
134 176 27.313000567495326
134 228 40.44749683231337
134 186 52.61178575186362
134 163 54.08326913195984
134 180 59.841457201508724
134 249 70.77428911688199
134 147 85.0881895447306
135 231 7.0710678118654755
135 229 64.5600495662759
135 160 75.69015788066504
135 242 77.38862965578342
135 213 91.02197536858887
135 212 102.77159140540736
136 187 59.81638571495272
136 177 65.43699259593154
136 139 70.3846574190711
136 245 79.02531240052139
136 248 91.7877987534291
136 158 101.49384217774002
136 221 115.15641536623133
136 200 116.50321883965266
136 196 123.30855606972291
136 240 132.85330255586422
137 143 79.90619500389191
137 192 91.2414379544733
137 156 96.74709297958259
137 152 108.2266141020775
137 193 138.45215780189199
138 227 28.231188426986208
138 175 29.068883707497267
138 151 49.040799340956916
138 150 65.79513659838392
138 173 89.44271909999159
138 237 98.3107318658548
138 212 99.08582138732059
139 221 44.77722635447622
139 248 46.87216658103186
139 240 62.6418390534633
139 177 81.60882305241266
139 187 128.9961239727768
139 245 148.00337833982033
140 237 15.811388300841896
140 219 56.586217403180434
140 244 60.41522986797286
140 211 84.92938243034621
140 227 88.23831367382311
140 216 93.77632963600144
140 150 109.83624174196785
141 226 48.76474136094644
141 173 69.8927750200262
141 146 84.21995013059554
141 202 87.64131445842195
141 144 139.31618714277246
142 180 23.40939982143925
142 186 30.675723300355934
142 165 62.80127387243033
142 191 70.00714249274856
142 206 121.1156472137271
142 225 103.78824596263297
143 197 61.05735008989499
143 161 270.7397274136177
143 162 361.08724707472015
143 189 151.52887513606112
143 192 79.62411694957753
143 222 371.13474641967974
144 201 35.73513677041127
144 234 86.02325267042627
144 226 105.75916035975324
144 210 120.30793822520607
145 205 49.64876634922564
145 170 105.94810050208545
145 232 126.87395319765204
145 248 146.23952953972466
145 240 155.8621185535472
146 224 21.540659228538015
146 226 60.207972893961475
146 173 65.37583651472461
146 213 74.30343195303969
146 175 103.31021246711285
147 228 47.20169488482379
147 203 68.8839603971781
147 183 78.16009211867653
147 149 81.93289937503738
147 164 86.81589716175259
147 178 89.10667763978185
147 176 89.45389874119518
147 157 125.13193037750197
147 171 128.16005617976296
148 217 14.866068747318506
148 209 15.297058540778355
148 196 24.08318915758459
148 158 37.44329045369811
148 245 72.27724399837061
148 187 85.21150157109074
148 159 86.76981041814025
148 152 93.02150289046077
148 200 96.17692030835673
148 193 145.24806367039804
149 183 33.015148038438355
149 164 65.43699259593154
149 228 82.20097323024831
149 203 87.46427842267951
149 171 97.40636529508737
149 172 108.72442227944924
149 185 129.5569372901351
149 188 128.00390619039717
149 239 162.24980739587951
150 227 72.18032973047436
150 175 73.00684899377592
150 219 89.27485648266257
150 195 91.4166286842826
150 198 140.8900280360537
150 211 136.7808466123821
150 216 129.52991932368366
150 218 165.19382555047267
151 227 49.25444142409901
151 212 51.03920062069938
151 175 62.24146527838174
151 223 83.72574275573791
151 160 110.30865786510141
152 156 15.524174696260024
152 159 41.23105625617661
152 193 65.19202405202648
152 217 84.01190391843289
152 158 126.11502686040232
152 209 97.49358953285082
153 190 19.0
153 207 71.19691004531025
153 154 72.06247289678588
153 155 79.90619500389191
153 194 136.34148304899725
153 218 137.7679207943562
154 207 39.293765408777
154 190 91.0494371207203
154 184 100.56838469419701
154 206 121.06196760337245
154 243 143.2515270424717
155 190 61.18823416311342
155 218 70.43436661176133
155 198 111.89280584559492
155 202 121.49485585818027
155 194 130.5450113945378
155 195 135.9154148726332
155 207 148.62705002791384
156 159 52.20153254455275
156 193 59.941638282582836
156 217 98.41239759298622
157 171 68.06614430096654
157 164 73.60027173862879
157 239 74.02702209328699
157 170 100.2845950283492
157 188 104.35516278555652
157 199 120.20815280171308
157 205 156.20819440733575
158 209 28.635642126552707
158 196 39.21734310225516
158 217 42.20189569201838
158 245 55.154328932550705
158 187 60.37383539249432
158 200 95.85405573057407
158 159 124.03628501370073
159 193 60.01666435249463
159 217 84.20213774008353
159 209 97.082439194738
159 196 97.98469268207153
159 200 148.47558721890948
160 208 206.0218435020908
160 223 67.1863081289633
160 229 34.713109915419565
160 231 76.21679604916491
160 235 521.0959604525831
160 236 466.00429182572987
160 242 150.42606157179014
160 246 543.5301279598032
161 230 32.28002478313795
161 247 64.8459713474939
161 168 82.02438661763951
161 189 127.283148923964
161 166 183.0027322200409
161 197 218.33002542023394
162 222 10.04987562112089
162 247 69.2314957226839
162 168 148.33745312630927
162 166 254.01181074902797
162 197 313.789738519283
163 249 20.09975124224178
163 176 27.586228448267445
163 178 32.01562118716424
163 203 77.78174593052023
163 167 385.2298015470766
163 215 103.84603988597736
163 238 109.83624174196785
164 171 41.97618372363071
164 188 86.76981041814025
164 183 93.91485505499116
164 239 102.82509421342633
164 228 117.27318534089538
164 172 131.38112497615478
164 185 135.67977004697494
165 191 19.209372712298546
165 180 78.0
165 186 83.81527307120105
165 183 101.87246929372037
165 203 121.10326172320876
165 172 147.0136048126159
166 168 107.00467279516349
166 197 114.23659658795863
166 189 116.69190203266035
166 192 125.4830665866913
166 222 263.751777245197
166 230 151.6047492659778
167 179 75.8023746329889
167 204 86.64871608973787
167 169 97.71898484941399
167 214 111.77208953938367
167 220 209.1219739769114
167 182 243.0514348857048
168 230 55.94640292279746
168 247 80.05623023850174
168 189 105.89145385724005
168 222 158.25612152457168
169 204 11.180339887498949
169 214 32.0
169 179 57.14017850864661
170 205 57.271284253105414
170 199 101.96568050084302
170 232 104.0096149401583
170 239 150.9602596712128
171 188 47.50789408087881
171 239 64.8459713474939
171 185 119.06720791217035
171 172 125.87692401707312
171 183 129.28263611173776
172 185 35.12833614050059
172 188 113.00442469213318
172 183 129.4488315899375
172 239 170.88007490635061
173 175 60.37383539249432
173 195 76.48529270389177
173 224 86.31338250816034
173 202 109.55363982999378
174 220 59.941638282582836
174 181 177.4288589829738
174 182 61.1310068623117
174 241 144.9413674559475
175 227 57.271284253105414
175 195 96.60745312862771
176 178 5.0990195135927845
176 203 50.20956084253277
176 215 119.26860441876563
176 228 54.42425929675111
176 238 127.0
177 248 63.41135544995076
177 187 89.10667763978185
177 245 103.01941564578979
177 200 114.12712210513327
177 221 115.93532679903913
177 240 127.5617497528158
178 203 46.09772228646444
178 249 48.46648326421054
178 228 51.92301994298868
178 238 128.09761902549164
179 214 48.010415536631214
179 204 49.57822102496216
180 191 88.84255736976509
180 225 121.49074038789952
181 241 42.720018726587654
181 232 107.70329614269008
181 220 162.28986413205232
181 199 168.32409215557945
182 220 48.27007354458868
183 203 58.82176467941097
183 228 59.90826320300064
183 185 155.03870484495155
183 188 161.01242188104618
183 191 120.95040305844375
184 243 42.720018726587654
184 233 84.2140130857092
184 238 104.63746938836012
184 206 117.51595636338071
184 207 139.77839604173457
184 215 106.53168542738823
185 188 93.637599285757
185 239 152.0855022676389
186 191 95.35197952848173
186 203 53.41348144429457
186 225 127.06297651164952
187 245 19.209372712298546
187 200 63.06346010171025
187 196 67.7421582177598
187 209 84.64632301523794
187 217 96.5090669315583
187 248 140.24621207005913
188 239 58.60034129593445
189 197 93.7709976485267
189 230 99.62429422585637
189 247 169.80577139779436
190 207 88.23831367382311
190 218 119.36917525056458
190 194 133.4541119636259
190 198 165.5294535724685
191 225 121.82364302548172
192 197 129.3213052826177
193 217 140.42791745233566
194 202 68.00735254367721
195 202 58.54912467321779
195 198 159.9656213065795
195 218 157.54364474646383
196 209 34.438350715445125
196 217 38.897300677553446
196 245 52.03844732503075
196 200 72.12489168102785
197 222 323.79777639755343
197 230 188.1754500459611
198 218 47.042533945356304
198 216 135.4843164355196
198 219 144.9413674559475
198 211 152.8953890737062
199 205 141.35416513141735
200 245 49.01020301937138
200 209 105.26157893552613
200 217 111.01801655587259
201 234 60.60528029800704
201 210 85.23496934944014
201 226 98.08159868191383
201 224 127.80062597655773
203 228 21.93171219946131
204 214 35.73513677041127
205 232 111.11255554616679
206 225 21.840329667841555
206 233 85.05292469985967
206 207 140.7693148381422
206 243 141.50971698084905
208 229 172.04650534085255
208 212 257.96511392046796
208 236 260.00192306981114
208 223 273.00732590903124
208 235 315.07776817795315
208 246 337.6536687198882
209 217 13.601470508735444
209 245 74.68600939935136
210 234 84.77027781009096
210 213 95.0
210 242 115.27792503337315
211 216 17.46424919657298
211 244 39.20459156782532
211 219 49.64876634922564
211 237 92.13576938409967
212 223 44.77722635447622
212 227 91.0659101969557
212 231 98.95453501482385
213 224 53.0
213 234 82.15229759416349
213 231 86.28441342444185
213 242 89.37561188601732
215 238 11.313708498984761
215 233 51.35172830587107
215 243 79.62411694957753
215 249 112.72976536833562
216 219 48.373546489791295
216 244 55.569775957799216
216 237 98.48857801796105
217 245 85.09406559801923
219 237 55.569775957799216
219 244 57.584720195551874
220 241 121.82364302548172
221 240 19.0
221 248 58.9406481131655
221 232 160.0281225285106
222 247 78.91767862779544
223 235 588.0212581191262
223 236 533.0084427098693
223 246 610.2958299054648
224 234 67.20119046564577
224 242 142.00352108310554
225 233 94.11163583744573
227 237 73.23933369440222
229 231 68.24954212300622
229 235 487.0092401587469
229 236 432.0289342162166
229 242 129.49517365523704
229 246 509.2838108559902
230 247 74.24957912338628
231 242 80.05623023850174
232 240 141.0319112825179
232 241 125.73384588089239
233 238 59.033888572581766
233 243 80.05623023850174
235 246 26.076809620810597
235 236 55.57877292636101
236 246 80.0812087820857
237 244 72.80109889280519
238 243 74.0
240 248 66.37017402418047
